
Chandpur	The_Paradise_Inn	434	419	368	67	128	25	88	1799.99	01928374653
Chandpur	Paradise_Paradise_Resort	500	334	49	514	179	5	62	1699.99	01234567890
Chandpur	The_Regent_Inn	402	353	512	324	207	91	35	3144.99	01987654321
Chandpur	View_Marin_Hotel	400	414	582	153	58	196	2	2449.99	01837294782
Chandpur	River_View_Resort	416	446	372	323	182	29	93	2069.99	01123456789
Chandpur	Pacific_Resort	391	324	262	219	296	141	68	4499.99	01782468246
Teknaf	The_White_Resort	488	435	332	275	117	37	12	5899.99	01872374923
Saint_Martin	Marin_Regent_Resort	303	70	652	343	377	175	127	2299.99	01042741468
Bogura	The_Royal_Inn	420	454	397	278	18	1	55	4099.99	01918171615
Bogura	White_Royal_Resort	523	432	557	266	198	48	92	1349.99	01999922221
Bogura	Royal_Park_Hotel	366	472	516	149	91	50	21	5999.99	01837456657
Bogura	City_Paradise_Resort	432	372	983	351	278	34	94	4299.99	01312517659
Cox's_Bazar	River_Royal_Hotel	301	640	338	182	63	121	30	2999.99	01922992299
Cox's_Bazar	Royal_View_Resort	217	424	425	407	153	138	9	3199.99	01427929374
Cox's_Bazar	Marin_Grand_Hotel	255	593	245	365	57	109	42	2499.99	01298437238